10 10
0.67 0.29 0.55 0.43 0.22 0.99 0.64 0.02 0.56 0.51
0.84 0.18 0.95 0.33 0.36 0.66 0.38 0.39 0.27 0.13
0.79 0.46 0.01 0.65 0.33 0.52 0.76 0.73 0.86 0.43
0.14 0.33 0.46 0.47 0.29 0.81 0.32 0.83 0.80 0.14
0.68 0.92 0.68 0.31 0.16 0.41 0.63 0.40 0.32 0.85
0.98 0.11 0.57 0.90 0.52 0.27 0.39 0.88 0.46 0.08
0.00 0.85 0.95 0.76 0.40 0.72 0.24 0.14 0.85 0.71
0.94 0.95 0.85 0.74 0.54 0.51 0.68 0.91 0.58 0.26
0.33 0.71 0.59 0.10 0.21 0.17 0.27 0.87 0.23 0.58
0.07 0.95 0.77 0.89 0.49 0.30 0.07 0.51 0.32 0.91
